"sample_submitter_id","Bcells","CAFs","CD4_Tcells","CD8_Tcells","Endothelial","Macrophages","NKcells","otherCells","patient_id"
"TCGA-FI-A3PX-01A",0.00132943061859654,0.0176998190553535,0.025740772117354,0.013513962019182,0.0542803080609264,0.00342703923384957,4.3424925203346e-09,0.884008664552245,"TCGA-FI-A3PX"
"TCGA-BG-A221-01A",0.0105421167663973,0.0706503954399394,0.0295130214130118,8.13377023632658e-08,0.048045016576356,0.0282726111852903,0.00360223733919821,0.809374519942105,"TCGA-BG-A221"
"TCGA-EY-A1GK-01A",0.0182806108522513,0.0442656799109574,0.0418190173963323,0.0232113613190619,0.0832119583278597,0.01281673156671,0.00145114663658613,0.774943493990241,"TCGA-EY-A1GK"
"TCGA-BG-A2AE-01A",0.00470890180090969,0.0199906587843741,0.0491292721478189,0.00740314241227063,0.0569374058254312,0.0207791409196868,1.59327089711907e-10,0.841051477950182,"TCGA-BG-A2AE"
"TCGA-AX-A1CE-01A",0.00308196731723132,0.0170182810779992,0.0637276892885884,0.0193970421249616,0.0266720663176238,0.00580774687421044,8.85981859026387e-11,0.864295206910787,"TCGA-AX-A1CE"
"TCGA-DI-A2QY-01A",0.00105824039040355,0.0345501477317444,0.0257705962215671,0.0134657067111349,0.0307518043834316,0.00375454959954195,1.09540753351625e-08,0.890648944008101,"TCGA-DI-A2QY"
"TCGA-D1-A1O8-01A",0.0813070883309737,0.071884262847867,0.0227040594308412,0.227756492312033,0.0497262685428051,0.0991252354383135,0.00203079471872723,0.44546579837844,"TCGA-D1-A1O8"
"TCGA-EY-A3QX-01A",0.00818466128786911,0.0228466299977123,0.0503492526597654,0.00808037167843342,0.0275583209244927,0.00821161517588019,2.26193840369461e-10,0.874769148049653,"TCGA-EY-A3QX"
"TCGA-DI-A0WH-01A",0.000980093167943837,0.0272888404106176,0.0231850763474198,0.00891822164072797,0.0247617488527094,0.00407473206916817,0.00021316650001458,0.910578121011399,"TCGA-DI-A0WH"
"TCGA-BK-A4ZD-01A",0.018174115743972,0.0877854316313012,0.0690490309993243,0.018046480318394,0.0240984745937813,0.00379509511678371,1.53566000553374e-09,0.779051370060783,"TCGA-BK-A4ZD"
"TCGA-AX-A1CC-01A",0.0184959077308059,0.262025731035244,0.0962208347024844,1.85732100386138e-07,0.213342238109872,0.0222041944466997,1.93370528218442e-07,0.387710714872265,"TCGA-AX-A1CC"
"TCGA-EY-A215-01A",0.0029386794770323,0.0268157827875476,0.0587301408166119,0.0238099129012762,0.0155032487157599,0.00133623455172088,7.23944918925049e-09,0.870865993510602,"TCGA-EY-A215"
"TCGA-AX-A2H2-01A",0.042414081048439,0.0264403295715516,0.0046188788867074,5.4493365551298e-09,0.0356542253307478,0.0196056482722734,0.000876830423752042,0.870390001017192,"TCGA-AX-A2H2"
"TCGA-BG-A0M8-01A",0.0931568016220887,0.17651169535114,0.0190525287567067,3.65192964699261e-07,0.236514315087537,0.034516088052767,0.00370127076028185,0.436546935176514,"TCGA-BG-A0M8"
"TCGA-2E-A9G8-01A",0.00985895618309159,0.00558133378727911,0.0295167062875918,0.00851955794402732,0.021204433248899,0.00661432813713339,1.17760996906625e-09,0.918704683234368,"TCGA-2E-A9G8"
"TCGA-AX-A1CR-01A",0.00333475725088069,0.0603305641344795,0.0345323535061326,0.00723119541601031,0.0216254604058994,0.0208010469124325,0.0022321846936649,0.8499124376805,"TCGA-AX-A1CR"
"TCGA-KJ-A3U4-01A",0.00841484040244312,0.0308905190202197,0.0471508313287259,0.00745742582353475,0.052196002596478,0.0158253702066955,2.74890064576381e-09,0.838065007873002,"TCGA-KJ-A3U4"
"TCGA-EO-A3KU-01A",0.00266502691280166,0.0221120436022038,0.0335279017763567,0.0128003672505979,0.0252551274308966,0.00683492918349765,8.41067338287207e-11,0.896804603759539,"TCGA-EO-A3KU"
"TCGA-D1-A102-01A",1.63541581410711e-06,0.128630523574617,0.013263278333812,0.0792097525432814,0.057458254225562,0.0195874785115054,2.06077557248139e-08,0.701849056787653,"TCGA-D1-A102"
"TCGA-A5-A0GI-01A",0.00375162497360307,0.0619347550950915,0.0366890641567219,0.0063993982965498,0.0896347718285508,0.0105646998406651,9.41512147283963e-09,0.791025676393696,"TCGA-A5-A0GI"
"TCGA-B5-A0K6-01A",0.00174894629715333,0.0596638289132127,0.0565414183598659,0.0183497241705718,0.076131426870705,0.0303139763824831,0.00101258858446128,0.756238090421547,"TCGA-B5-A0K6"
"TCGA-BG-A0W2-01A",0.00352300276695459,0.0886088122284305,0.0885313678890226,0.0557584310791987,0.0663237339175712,0.0197690694613128,5.89946571879482e-08,0.677485523662852,"TCGA-BG-A0W2"
"TCGA-B5-A1MW-01A",0.00262774095974259,0.0426222253158179,0.0429915536356446,0.0118506774482819,0.0369146174600039,0.00436525662855471,2.22248049302694e-07,0.858627706303905,"TCGA-B5-A1MW"
"TCGA-BG-A186-01A",0.0159890508401989,0.086846259003057,0.043047958189104,0.00792330150983362,0.101060222553047,0.0141259300036265,1.04880208103646e-08,0.731007267413112,"TCGA-BG-A186"
"TCGA-B5-A0JY-01A",0.00336498285777493,0.176834426166217,0.0339793138311063,0.00258167426251615,0.0616007452614703,0.016164979054461,1.49029526246911e-08,0.705473863663502,"TCGA-B5-A0JY"
"TCGA-A5-A0G3-01A",0.0133150123562237,0.0403542270846139,0.0187990774697984,0.00421964045022574,0.023440591643096,0.00917356475552387,2.10120099887991e-08,0.890697865228508,"TCGA-A5-A0G3"
"TCGA-FI-A2EX-01A",0.00208029583083203,0.0392853562162302,0.00457725980857737,0.05930402633259,0.0329294830191245,0.00912726463523876,0.000757605159795559,0.851938708997612,"TCGA-FI-A2EX"
"TCGA-B5-A0JS-01A",0.0019766124356497,0.086648260770011,0.0710801082845013,0.00604502200153325,0.0843385918153449,0.0170021727723953,0.0939237220662299,0.638985509854335,"TCGA-B5-A0JS"
"TCGA-BS-A0V6-01A",0.0175523780944701,0.0241852883784141,0.0410585175218764,0.00460342273396196,0.0313333395270503,0.0203867720631771,0.00075426432233083,0.860126017358719,"TCGA-BS-A0V6"
"TCGA-D1-A3JQ-01A",0.00119865544612938,0.0698356848296451,0.0448842196982805,0.00724216572262042,0.0470139719565896,0.0181895174584447,0.00592874170243736,0.805707043185853,"TCGA-D1-A3JQ"
"TCGA-DI-A1BY-01A",0.0347056840674187,0.115635730406749,0.0458472845548836,0.00347986496690332,0.0929951238957516,0.00980260743632461,0.000752966166160854,0.696780738505809,"TCGA-DI-A1BY"
"TCGA-B5-A11Z-01A",0.00141189491775795,0.0587978171343418,0.045223388966365,0.00788335970464581,0.0856456413483258,0.00565837577378182,3.75574799881201e-10,0.795379521779207,"TCGA-B5-A11Z"
"TCGA-D1-A16O-01A",0.000427098345719798,0.120591230159236,0.0161236424588512,0.0251531175655775,0.0866209478053756,0.00498267790296045,3.28201470313594e-08,0.746101252942132,"TCGA-D1-A16O"
"TCGA-AX-A06B-01A",0.0138071540929861,0.0983767290623954,0.0480490206844103,0.0145784576612319,0.109153382505966,0.0116513932556485,9.18083682968281e-08,0.704383770928994,"TCGA-AX-A06B"
"TCGA-BG-A0YU-01A",0.0024841942980863,0.100551326600301,0.0447465944484278,0.0154478977943206,0.0461172756147313,0.00498004578924502,1.32445242961605e-08,0.785672652210364,"TCGA-BG-A0YU"
"TCGA-FI-A2F4-01A",0.00371954799978252,0.0339577072328803,0.0477934691799723,0.00310038195726412,0.0255826915070014,0.03137591405678,2.55500636970329e-11,0.854470288040769,"TCGA-FI-A2F4"
"TCGA-A5-A0G2-01A",0.0146147003133258,0.0687351493419591,0.0172343461685231,0.00765168165705834,0.0212667901885857,0.0213780553411666,0.000249967334480744,0.8488693096549,"TCGA-A5-A0G2"
"TCGA-A5-A0GX-01A",0.000389840622176813,0.142022127199579,0.0241017215424855,0.0136812408482717,0.230660700648189,0.0242275079717649,2.86566375156621e-07,0.564916574601158,"TCGA-A5-A0GX"
"TCGA-E6-A2P9-01A",0.00634177407998826,0.0263571945755276,0.0234643448054205,0.0513538685502994,0.0345307368590265,0.0072807995233796,0.00081065442918822,0.84986062717717,"TCGA-E6-A2P9"
"TCGA-AJ-A3OL-01A",0.00135367935915586,0.0182922163266975,0.0370354844742724,0.015701785315601,0.0507212596022892,0.00186369528021387,1.37258778500486e-10,0.875031879504511,"TCGA-AJ-A3OL"
"TCGA-D1-A3DA-01A",0.00225539027954041,0.0221463946398081,0.0319896381443111,0.00631493474688258,0.0671090884555302,0.00643593895002721,1.21915676324246e-09,0.863748613564744,"TCGA-D1-A3DA"
"TCGA-QF-A5YT-01A",8.85155776653429e-05,0.0598797493692414,0.0162219062060165,0.0445456393777798,0.0596508638378778,0.00430103653007958,2.34912137629713e-08,0.815312265610126,"TCGA-QF-A5YT"
"TCGA-AP-A052-01A",0.00021480115738974,0.142915445964718,6.16113242301483e-05,0.0101723230283066,0.0395822079310661,0.0249091415167501,0.00138317444604161,0.780761294631498,"TCGA-AP-A052"
"TCGA-AJ-A3BG-01A",0.00162876935877211,0.00717633535831963,0.030336586513965,0.007280908953386,0.0346205347847588,0.00992121602434806,3.92477503506637e-12,0.909035649002526,"TCGA-AJ-A3BG"
"TCGA-A5-A0G9-01A",0.00154468895649881,0.0468379128135657,0.0496858126027989,0.0153917405557484,0.0384484493012178,0.0245332523255722,0.000966790575783266,0.822591352868815,"TCGA-A5-A0G9"
"TCGA-EO-A1Y8-01A",0.000529437322113382,0.0693474846429796,0.0316466766960882,0.0078631107558031,0.0362985620787095,0.00320576133597607,0.00317405584097943,0.847934911327351,"TCGA-EO-A1Y8"
"TCGA-A5-A1OH-01A",0.00437507649971369,0.147191522939043,0.022145045434767,0.00479511675225706,0.047323160215335,0.00492508529787989,4.77884103169676e-09,0.769244988082163,"TCGA-A5-A1OH"
"TCGA-A5-AB3J-01A",0.00491897265507107,0.0561834268459305,0.0724482920542968,0.0107232790463272,0.285668530329389,0.0105276049746369,3.78332659708042e-09,0.559529890311022,"TCGA-A5-AB3J"
"TCGA-5B-A90C-01A",0.00390175302111382,0.0395698371777042,0.0433725221868845,0.0153797477538982,0.0402520309772313,0.00622800999650286,4.40860630170963e-09,0.851296094478059,"TCGA-5B-A90C"
"TCGA-BS-A0UL-01A",0.0140623996730866,0.121440977865764,0.0723602902671596,0.00911730460928622,0.143005546808578,0.0172796087591441,1.39642471813111e-08,0.622733858052734,"TCGA-BS-A0UL"
"TCGA-A5-A0GE-01A",0.00393459374127111,0.141783879706419,0.0370417924228699,0.00502198101484914,0.116405019489899,0.00502009767483639,0.00174945602961844,0.689043179920238,"TCGA-A5-A0GE"
"TCGA-A5-A0GW-01A",0.042547689420428,0.16991286078984,0.0317073695089707,0.00796828330381798,0.144684172724611,0.0237487130200207,0.00108542512818703,0.578345486104125,"TCGA-A5-A0GW"
"TCGA-BS-A0U5-01A",0.0021395295687405,0.0560792229482751,0.0361385711595553,0.0317056671306553,0.103212874780971,0.00582536522571164,2.92558795327714e-09,0.764898766260503,"TCGA-BS-A0U5"
"TCGA-BK-A26L-01A",0.00206531331047228,0.118735598465242,0.0492026795800627,0.0205298666581158,0.0751413629358927,0.0076815938154307,3.40935042646705e-07,0.726643244299742,"TCGA-BK-A26L"
"TCGA-BK-A0CA-01A",0.0030817039401328,0.032232998429217,0.0469888719241115,0.00666573545221414,0.0493930757254994,0.0174318881554276,8.39917282991515e-11,0.844205726289406,"TCGA-BK-A0CA"
"TCGA-BG-A0M2-01A",0.00334736038328372,0.0668012670585946,0.0777224211734745,0.0278228779032294,0.0652988723270949,0.00324855326446362,8.56005031331961e-09,0.755758639329809,"TCGA-BG-A0M2"
"TCGA-D1-A1NS-01A",0.00118847817748121,0.030983553031217,0.0317472095550759,0.0141478653886162,0.0824285876434892,0.0133583537415783,0.000449984348613343,0.825695968113929,"TCGA-D1-A1NS"
"TCGA-D1-A16J-01A",0.0477127793221536,0.0523924398468419,0.0230484395249466,0.0177194428858035,0.0519187262818958,0.0266678106457629,9.07763414721971e-06,0.780531283858448,"TCGA-D1-A16J"
"TCGA-AW-A1PO-01A",0.000615761773450136,0.0350565244785119,0.0165464067799612,0.0244186772974785,0.0551479863911612,0.0051163435258578,1.25377279709423e-07,0.8630981743763,"TCGA-AW-A1PO"
"TCGA-B5-A1MS-01B",0.00277604539753975,0.036886784931873,0.0442710677779407,0.0187357958165761,0.0464656477115036,0.0037946915834226,0.00668789554696971,0.840382071234175,"TCGA-B5-A1MS"
"TCGA-EY-A1GU-01A",0.00334804288188412,0.0333260581835702,0.0630092177127057,0.0162695216172454,0.0433358921572604,0.0175114767920238,2.90142020978619e-09,0.82319978775389,"TCGA-EY-A1GU"
"TCGA-AJ-A3NH-01A",0.00216099103800583,0.0217082862879647,0.0300099390769853,0.0175319469387839,0.0487551653518402,0.00389460154873198,5.32818946025971e-08,0.875939016475794,"TCGA-AJ-A3NH"
"TCGA-B5-A0JN-01A",0.00122686421693493,0.0349806743360833,0.0295836619509962,0.00793293595270078,0.031432170161978,0.00575602734333986,8.75327987945501e-09,0.889087657284687,"TCGA-B5-A0JN"
"TCGA-D1-A0ZN-01A",0.000782845363781013,0.117432871837501,0.0507013859179629,0.0201043747951249,0.117949122558189,0.0166953135287604,4.86610762470838e-09,0.676334081132574,"TCGA-D1-A0ZN"
"TCGA-AP-A0LS-01A",0.00687100484590368,0.0360394026117172,0.0258952919457868,0.0634738259963538,0.038412738478267,0.00464091740840213,9.69301425630598e-05,0.824569888571006,"TCGA-AP-A0LS"
"TCGA-A5-A0GV-01A",7.14325752386186e-06,0.02047017352343,0.0178078199169865,0.0644668765019592,0.0211317000499223,0.00191493965768708,5.93656874483177e-09,0.874201341155922,"TCGA-A5-A0GV"
"TCGA-D1-A1NU-01A",0.0061589952120772,0.0194404325861651,0.0380332237754967,0.00757026289979881,0.0398180826773265,0.0157213011196349,9.98457814313821e-09,0.873257691744923,"TCGA-D1-A1NU"
"TCGA-PG-A7D5-01A",0.00409838693250548,0.0201514813771002,0.0233296787684603,0.01163306142283,0.0391624558267432,0.00372400667892909,0.000405349834536846,0.897495579158895,"TCGA-PG-A7D5"
"TCGA-AP-A0LE-01A",0.00179022198987284,0.0444307708685136,0.0372284077970765,0.0145723558988953,0.0351900487071441,0.00608418077256072,2.3258887523312e-08,0.860703990707049,"TCGA-AP-A0LE"
"TCGA-B5-A11L-01B",0.0280306444715662,0.0354591773379362,0.042744705524979,0.00640379925077119,0.0929132066384895,0.0215052082699389,7.72808270181914e-08,0.772943181225492,"TCGA-B5-A11L"
"TCGA-AP-A1E3-01A",0.0234978808652408,0.214103667382543,0.0156874898803243,0.0196965068989713,0.0630111560905976,0.00465379586325932,0.000385916865783764,0.65896358615328,"TCGA-AP-A1E3"
"TCGA-BS-A0TE-01A",0.00212007275050771,0.0466977047057761,0.031783304522402,0.0055741022131436,0.0359826841296818,0.009107173398217,0.000133812380749504,0.868601145899522,"TCGA-BS-A0TE"
"TCGA-FI-A2F9-01A",0.00398684541335874,0.0898844604223369,0.0278314321664652,0.0127432752498553,0.0670579328100386,0.00448744041513144,4.37786486547504e-09,0.794008609144949,"TCGA-FI-A2F9"
"TCGA-D1-A1NY-01A",0.0026686409128653,0.160907110818875,0.0487432567423579,0.00404596854124261,0.061972318075172,0.0101960779165038,0.000776609296971843,0.710690017696011,"TCGA-D1-A1NY"
"TCGA-D1-A16S-01A",0.00206838431819487,0.0372459768638033,8.11090531447752e-07,0.0422201043760579,0.073139766787046,0.00732592497416005,0.000945296975310874,0.837053734614896,"TCGA-D1-A16S"
"TCGA-A5-A0R9-01A",0.00245327088557502,0.0728824251115313,0.0370173818593558,0.0203758952889304,0.0604368575189405,0.0163910186115045,5.32341691988234e-08,0.790443097489993,"TCGA-A5-A0R9"
"TCGA-BG-A2L7-01A",0.0315920635027174,0.0540604979153174,0.0541140017262401,0.0154445237549531,0.0575535459494465,0.0294855875435965,0.00109373096419452,0.756656048643534,"TCGA-BG-A2L7"
"TCGA-A5-A0GB-01A",0.000458897983902142,0.0244523841564458,0.00601131771592958,0.0648079443886826,0.0315870386172237,0.00396205504775642,0.000556820339104469,0.868163541750955,"TCGA-A5-A0GB"
"TCGA-BG-A222-01A",0.00487630229718451,0.0285050791971247,0.0517821251912224,0.00547723046648362,0.0359562958042338,0.0120001146275051,3.02469785429449e-10,0.861402852113776,"TCGA-BG-A222"
"TCGA-DF-A2KZ-01A",0.00527156864210256,0.111265169836187,0.0294848603836237,6.2006878876529e-07,0.0559052961791189,0.0117818001874249,1.64729087868651e-09,0.786290683055463,"TCGA-DF-A2KZ"
"TCGA-BK-A0CC-01A",0.00265040483405043,0.130345211924521,0.0721622154930532,0.0074758866838469,0.0756483168066329,0.00483670347464176,4.41075697812865e-09,0.706881256372497,"TCGA-BK-A0CC"
"TCGA-A5-A0GH-01A",0.00318742863046144,0.0378945942646929,0.0360866216200159,0.0230922110991305,0.0363362241990635,0.00363546630388111,8.91925591811166e-10,0.859767452990829,"TCGA-A5-A0GH"
"TCGA-JU-AAVI-01A",0.0161618058920386,0.0256088772155714,0.0110434961258936,0.00254968178385156,0.0229763017540881,0.0235304292573562,0.00575170183779141,0.892377706133409,"TCGA-JU-AAVI"
"TCGA-AX-A1CA-01A",0.0156826283534019,0.0130970661824828,0.0194270094227179,0.00535633303261358,0.0277926663265844,0.0104971525700135,5.17403244026515e-08,0.908147092371862,"TCGA-AX-A1CA"
"TCGA-D1-A179-01A",0.00250814547383793,0.0191143305479791,0.0409395208376215,0.0082432285356574,0.0364620418174138,0.00952065458840414,3.36176216627089e-10,0.88321207786291,"TCGA-D1-A179"
"TCGA-AX-A064-01A",0.000979293833095407,0.0761754204912341,0.0267934231515459,0.0104705558793115,0.0470126219280407,0.0104841383060233,6.36737059626408e-09,0.828084540043379,"TCGA-AX-A064"
"TCGA-EO-A1Y5-01A",0.0101582200001578,0.0334439414269098,0.035103165999296,0.0046159046477222,0.0437918446218985,0.0324289682480003,2.1473292214441e-08,0.840457933582723,"TCGA-EO-A1Y5"
"TCGA-BG-A0LW-01A",1.88053194109652e-05,0.0292416127705922,4.23691793512147e-06,0.128256364299921,0.0616562131384615,0.0123568341806516,3.92211835706036e-09,0.768465929450909,"TCGA-BG-A0LW"
"TCGA-AJ-A3QS-01A",0.0156453313084747,0.0201336623684173,0.0374821459815068,0.00971414759780809,0.0565226191248644,0.0120544056330359,5.91629964481018e-09,0.848447682069593,"TCGA-AJ-A3QS"
"TCGA-AJ-A8CT-01A",0.0408748611537106,0.0562193373764159,0.0967228212403637,0.00482821872244314,0.0528817556803968,0.0192929163915884,1.89230585768467e-08,0.729180070512023,"TCGA-AJ-A8CT"
"TCGA-EO-A22S-01A",0.00162019291262535,0.0582493997529359,0.0401860326368571,0.0180892071192468,0.0428306308985038,0.00366603657076439,4.70405841297078e-09,0.835358495405008,"TCGA-EO-A22S"
"TCGA-AJ-A3IA-01A",0.00815490225261922,0.147223785784901,0.0357185251368289,6.62481308138143e-07,0.0526462021846871,0.0231281187767334,2.11682350825383e-05,0.73310663514784,"TCGA-AJ-A3IA"
"TCGA-D1-A17D-01A",0.00272030135168071,0.0414521581330928,0.0189915244685781,7.99951443555942e-07,0.0619311847229909,0.0256390006081013,0.000207021603538316,0.849058009160574,"TCGA-D1-A17D"
"TCGA-D1-A16Q-01A",0.0118688845168194,0.105682657392717,0.0417992226376243,0.020506717504064,0.135027419227442,0.0254820819268468,1.24410101408948e-07,0.659632892384384,"TCGA-D1-A16Q"
"TCGA-D1-A16V-01A",0.0111934488204557,0.0287773298682322,0.0311133885177759,0.0595941317862142,0.0679534987912571,0.0147826955621661,5.30986749275222e-07,0.78658497566715,"TCGA-D1-A16V"
"TCGA-AX-A3FT-01A",0.00864149894205502,0.0461299931408703,0.0480736604643119,0.0225375489514053,0.0364260560104943,0.0313178414294875,0.0214791017002023,0.785394299361173,"TCGA-AX-A3FT"
"TCGA-D1-A169-01A",0.0019202491447024,0.154561286112112,0.092161131822512,0.050071054119487,0.110262993713261,0.0400176571659555,1.42203915971147e-07,0.551005485718054,"TCGA-D1-A169"
"TCGA-AP-A0L8-01A",0.00331491185672329,0.0300029103834267,0.0192182378737343,0.00798294475797541,0.010566090753382,0.00708014556011102,4.29176461765658e-09,0.921834754522883,"TCGA-AP-A0L8"
"TCGA-AX-A3FS-01A",0.00353446411834474,0.0627766007775983,0.0644738026173932,0.025761908111125,0.0353003860358034,0.00644828357682551,2.35609608728044e-09,0.801704552406814,"TCGA-AX-A3FS"
"TCGA-EY-A72D-01A",0.00113571438623295,0.0677327933656734,0.0218466999975667,0.00322635255484012,0.0600641159266123,0.00623032869504586,6.20033566542482e-09,0.839763988873693,"TCGA-EY-A72D"
"TCGA-EY-A1GE-01A",0.00339066892714566,0.0461357853878475,0.0622843538062853,0.01175169265704,0.0544481712194811,0.0133048412494677,2.52249007706616e-09,0.808684484230243,"TCGA-EY-A1GE"
"TCGA-BG-A0LX-01A",0.00432477990776745,0.125694710226716,0.0552890639591424,0.020704509787168,0.175148566148813,0.0055533992669131,1.06324884834209e-06,0.613283907454632,"TCGA-BG-A0LX"
"TCGA-BG-A3PP-01A",0.0024008801799574,0.0702254794859447,0.027010850078934,0.00731427974493681,0.0341975320736539,0.00790101307219861,2.69584022780493e-09,0.850949962668534,"TCGA-BG-A3PP"
"TCGA-AP-A5FX-01A",0.0211412628274662,0.0245570919146434,0.0551900497874139,0.0172800738882836,0.033722273675868,0.00582399351155346,8.07006529219258e-09,0.842285246324706,"TCGA-AP-A5FX"
"TCGA-AP-A1DQ-01A",0.00408829586544234,0.038681865142554,0.0535344237778375,0.0344413837587788,0.0521672768519372,0.00557855562158949,1.14543978599098e-08,0.811508187527463,"TCGA-AP-A1DQ"
"TCGA-B5-A11Q-01A",0.00100127367124167,0.0126560684536332,0.0429093778609029,0.0116677889822224,0.0206217829233907,0.00157061794665023,1.03936569849346e-09,0.909573089122593,"TCGA-B5-A11Q"
"TCGA-AX-A2H4-01A",0.0131415847983728,0.0325421397221189,0.082432556904279,2.33614430075126e-06,0.0558841454811606,0.0723196322354134,0.00337302090682294,0.740304583807532,"TCGA-AX-A2H4"
"TCGA-BG-A0MI-01A",0.00158369255631629,0.0583471621223101,0.0430367471104548,0.00194579544151498,0.0804289131363693,0.0365756441192775,0.00110579113033878,0.776976254383418,"TCGA-BG-A0MI"
"TCGA-AX-A3GB-01A",0.00396063952247599,0.0530800016021569,0.0488131993853404,0.023374750973302,0.0919682696098234,0.0130469156690244,1.52322305465145e-08,0.765756208005646,"TCGA-AX-A3GB"
"TCGA-A5-A0RA-01A",0.0100684524726284,0.0289110442820738,0.0387435299280971,0.0085930692531219,0.0383091979672059,0.00638356824302691,9.25191970684471e-09,0.868991128601926,"TCGA-A5-A0RA"
"TCGA-AP-A05A-01A",0.000644171206504427,0.0386850351606655,0.0114888435756997,0.00710268050650797,0.0222004947577871,0.00170758125248557,5.5066433101913e-05,0.918116127107248,"TCGA-AP-A05A"
"TCGA-A5-A2K4-01A",0.00872305407343378,0.109374760174875,0.04839807219965,0.0122950400013063,0.0640316010755983,0.00814608430694271,2.71012479608795e-09,0.749031385458069,"TCGA-A5-A2K4"
"TCGA-D1-A17Q-01A",0.000855993024871168,0.219370233929003,0.0568085881461323,0.0534611439429545,0.102563124517191,0.0097724859155046,2.97353193012215e-07,0.55716813317115,"TCGA-D1-A17Q"
"TCGA-BG-A0VT-01A",0.000889264823407249,0.0776971945369694,0.0549023271211803,0.00678023708148467,0.112054467816401,0.00716964781798937,0.000540707698053148,0.739966153104515,"TCGA-BG-A0VT"
"TCGA-A5-A0GQ-01A",0.0150222789194456,0.0173773319951581,0.0387819384035926,1.67967464070501e-06,0.0613611106233605,0.0312067016935543,3.09231548686096e-09,0.836248955597933,"TCGA-A5-A0GQ"
"TCGA-AX-A060-01A",0.00081583584028551,0.0180501271530162,0.0178736874407834,0.00640468756283281,0.0349677246135148,0.00460336875762727,3.84883241245553e-08,0.917284530143616,"TCGA-AX-A060"
"TCGA-D1-A1NW-01A",0.00632142460456777,0.0329239824953051,1.47584847947791e-07,0.0548720613358512,0.0403765039137354,0.0138582724841174,0.00156974553858329,0.850077862042992,"TCGA-D1-A1NW"
"TCGA-E6-A2P8-01A",0.0178441562563608,0.0993308940432824,0.0364179961569769,1.22793197416467e-06,0.0543246147357985,0.043698932793495,0.000231375805948051,0.748150802276164,"TCGA-E6-A2P8"
"TCGA-D1-A0ZU-01A",0.00204158162333147,0.0792555054413251,0.0565794279172672,0.0332767698988694,0.108448498381139,0.00480620577207923,1.57707729023762e-08,0.715591995195216,"TCGA-D1-A0ZU"
"TCGA-AP-A054-01A",0.00166907619462837,0.0377595095906656,0.0511477758260218,0.0171968487971992,0.0331831645195904,0.00267907352579441,1.71445547305314e-09,0.856364549831645,"TCGA-AP-A054"
"TCGA-BG-A0YV-01A",0.00232368953373032,0.0318625897111531,0.0381880911014123,0.0187920295107246,0.0332038128881641,0.00900445062041783,1.35838113754693e-08,0.866625323050586,"TCGA-BG-A0YV"
"TCGA-QF-A5YS-01A",0.00126437959857569,0.0210156292421603,0.0566720729696004,0.0250452961689444,0.0330688375650218,0.0132551526392459,1.00570800279993e-06,0.849677626108449,"TCGA-QF-A5YS"
"TCGA-AX-A0IW-01A",0.000972960239239984,0.031247171726571,0.00883493343056796,0.0157274092749462,0.0465812888686872,0.0128944573881007,0.00029702921844185,0.883444749853445,"TCGA-AX-A0IW"
"TCGA-AJ-A2QK-01A",0.0211336698226492,0.130997167403968,0.135301225059716,0.00783484053663282,0.0931485705371784,0.0183580564407441,4.87141674921366e-08,0.593226421484944,"TCGA-AJ-A2QK"
"TCGA-AJ-A2QN-01A",0.00562729402606799,0.0826710754518099,0.0678278494841515,0.0313302280638471,0.0780274749199014,0.00649085327926249,1.07649824231434e-07,0.728025117125136,"TCGA-AJ-A2QN"
"TCGA-AX-A05U-01A",0.00381666018833915,0.0887442533808922,0.083045160275647,0.0424482013852463,0.0594590532239267,0.012161863453106,3.42386361841402e-07,0.710324465706481,"TCGA-AX-A05U"
"TCGA-EY-A1GV-01A",0.000768392988045394,0.0952752736754468,0.0166870767625609,0.0241108482095891,0.0245290018914318,0.0102604188361971,0.00518733318008812,0.823181654456641,"TCGA-EY-A1GV"
"TCGA-D1-A1O5-01A",0.00391415316462225,0.0370405084678682,0.0487480810593186,0.00839810297940413,0.0407144068401963,0.0332525820115517,1.00820843933706e-07,0.827932064656195,"TCGA-D1-A1O5"
"TCGA-B5-A3FC-01A",0.0460433899925302,0.0788549422102602,0.0730731587990933,0.0261344448644178,0.0642617880582618,0.0342883690224927,0.0120382295581443,0.6653056774948,"TCGA-B5-A3FC"
"TCGA-BG-A0VZ-01A",0.0118218412556344,0.0602819530186795,0.040407631811693,0.0110175969846948,0.0606195236819936,0.0152987981493955,2.79618635253195e-08,0.800552627136046,"TCGA-BG-A0VZ"
"TCGA-AX-A06L-01A",0.0069976874880196,0.114623528427769,0.0509768974112668,8.30578927268862e-05,0.0617891656603054,0.0210245555646305,0.0024201588093671,0.742084948745915,"TCGA-AX-A06L"
"TCGA-B5-A3FD-01A",0.00184414582069391,0.0616149565225562,0.0265801620886527,0.0170016518906078,0.0468405760938975,0.0123027701481955,0.000749330108704956,0.833066407326691,"TCGA-B5-A3FD"
"TCGA-BS-A0U8-01A",0.00363613372288021,0.0650946372480382,0.0342361306995053,0.0184920288505025,0.0524942174036514,0.00524771920019211,4.88968674509302e-09,0.820799127985544,"TCGA-BS-A0U8"
"TCGA-B5-A11X-01A",0.0873334374483397,0.264953798226947,0.000164449014659267,2.34354120371909e-08,0.100511577370564,0.0282056293561909,0.000378875471607115,0.51845220967628,"TCGA-B5-A11X"
"TCGA-EY-A2OP-01A",0.00172060340802509,0.0183877690107082,0.047694869824849,0.0195822372656046,0.0301762281466559,0.00452595544693972,4.31047187414067e-09,0.877912332586746,"TCGA-EY-A2OP"
"TCGA-BG-A0MA-01A",0.00366251610661717,0.159824613367316,0.110134748899289,0.0616125979434178,0.0655879418726625,0.0118756476982361,3.77986135100143e-09,0.5873019303326,"TCGA-BG-A0MA"
"TCGA-BG-A18A-01A",0.00189077413856752,0.127951358765358,0.0181891814700032,0.00466946731094808,0.187003913134843,0.0244826100088672,0.00126210066958702,0.634550594501826,"TCGA-BG-A18A"
"TCGA-E6-A1M0-01A",0.00387709310579686,0.0485789235312912,0.046407528309033,0.0157438096676786,0.0256670409789403,0.0072979654644079,3.99535896117143e-08,0.852427598989262,"TCGA-E6-A1M0"
"TCGA-AX-A3G8-01A",0.000535319408036156,0.00531113542179545,0.00735400631226639,0.0200035581049468,0.0213006045175821,0.00198104909627783,0.00042885855357627,0.943085468585519,"TCGA-AX-A3G8"
"TCGA-BS-A0V4-01A",0.00133095913558995,0.0286257740249995,0.0194835324942653,0.00272065785820312,0.103421343967712,0.00289971313960606,8.4999595669906e-08,0.841517934380028,"TCGA-BS-A0V4"
"TCGA-AX-A3FV-01A",0.0199327695349281,0.0102892755482397,0.0233715312491408,0.00213957547634815,0.0251311843807613,0.00861929339919973,3.77446536782973e-10,0.910516370033936,"TCGA-AX-A3FV"
"TCGA-DF-A2KN-01A",0.0133283927174355,0.0606017611032978,0.0503320956481507,5.54187197820862e-08,0.0671198075019613,0.0483484815782785,0.00135950210250234,0.758909903929654,"TCGA-DF-A2KN"
"TCGA-A5-A2K7-01A",0.000584001359349489,0.0566803866438451,0.0205868914335656,1.47787374471713e-07,0.026785209115875,0.0201794169470352,5.65237122419624e-05,0.875127423000713,"TCGA-A5-A2K7"
"TCGA-BS-A0TA-01A",0.0167889038436331,0.0370531888026809,0.0257034647999632,0.0397511125164654,0.0208969286395525,0.0690438126673572,0.0113672344742719,0.779395354256076,"TCGA-BS-A0TA"
"TCGA-D1-A16F-01A",0.00191206828942275,0.0551785382390926,0.0375635864685477,0.0220332916793586,0.11417255260474,0.0153683124294001,0.000246986104808951,0.75352466418463,"TCGA-D1-A16F"
"TCGA-B5-A3FH-01A",0.00447613394334445,0.0188881553774483,0.04663156578847,0.0198258142535644,0.0473146791121723,0.00604705606338715,6.91813472548251e-05,0.856747414114359,"TCGA-B5-A3FH"
"TCGA-BG-A0M4-01A",0.000226871340664905,0.0829463548483613,0.0200547753009395,4.38709535112059e-09,0.0917633843815891,0.0568323556408252,5.81638220327152e-06,0.748170437718321,"TCGA-BG-A0M4"
"TCGA-BK-A6W4-01A",0.00548425983079025,0.0367023838264194,0.0414066997506148,0.028173495462866,0.203874203214293,0.0076089176117879,3.16118445715414e-10,0.67675003998711,"TCGA-BK-A6W4"
"TCGA-E6-A1LZ-01A",0.00527535951138178,0.0081382163816418,0.0411833768537415,0.00929139066530477,0.028572505329098,0.012488520996135,3.3117866578782e-10,0.895050629931518,"TCGA-E6-A1LZ"
"TCGA-D1-A17N-01A",0.00093069528383825,0.14490988693902,0.0603638845850389,0.0172262890512803,0.184493140761613,0.0404476185624342,6.82920999602873e-07,0.551627801895775,"TCGA-D1-A17N"
"TCGA-AP-A056-01A",0.0160497599366495,0.278238016254543,0.0108239244563138,0.0113759180077309,0.0495282168140177,0.0335982799208806,0.0027029484684626,0.597682936141402,"TCGA-AP-A056"
"TCGA-DI-A1BU-01A",0.00286621425143464,0.124252126733899,0.0405406815123719,0.00567290233084207,0.0311240481456116,0.0144375940397947,0.000957627546227784,0.780148805439819,"TCGA-DI-A1BU"
"TCGA-AJ-A2QO-01A",0.00475572355141802,0.0304304222751167,0.0358808554070651,0.0266793547321643,0.0433068204561538,0.00857022576913726,8.58311352188716e-08,0.85037651197781,"TCGA-AJ-A2QO"
"TCGA-B5-A3S1-01A",0.00499566643322604,0.0331434002044658,0.039970981202121,0.00831008341556433,0.0274921210447714,0.0127796205557923,1.22868375902227e-09,0.873308125915375,"TCGA-B5-A3S1"
"TCGA-B5-A1MR-01A",0.148671334739912,0.0889693239267641,0.0364049997499571,1.08984912071974e-07,0.0638969951839237,0.147452053823599,0.00556265205310675,0.509042531537825,"TCGA-B5-A1MR"
"TCGA-AJ-A3BH-01A",0.00792194709735568,0.100332540005068,0.0559949071035671,0.00491505552240881,0.0619102713776131,0.0137279499379033,1.6474062394649e-08,0.755197312482022,"TCGA-AJ-A3BH"
"TCGA-B5-A1MV-01A",0.0022035304939131,0.0846145808324868,0.0432082742948595,0.00923763059590537,0.0719939770739986,0.0133546621937995,4.20127680036189e-09,0.77538734031376,"TCGA-B5-A1MV"
"TCGA-AX-A3GI-01A",0.00276742131703468,0.00703095490217432,0.0389706438383443,0.0136855957213633,0.0281349209834127,0.00448240492254707,4.39206998749346e-10,0.904928057875917,"TCGA-AX-A3GI"
"TCGA-BG-A0W1-01A",0.00147110661641964,0.0259533263216079,0.067853834923097,0.0212487914490333,0.0575360272887558,0.0147530271310385,0.000175716009830862,0.811008170260217,"TCGA-BG-A0W1"
"TCGA-BK-A6W3-01A",0.00685953671847421,0.0613050512058549,0.0788397033305677,0.0349384593240564,0.0553553747744284,0.0225934298766866,1.29227708624644e-08,0.740108431847161,"TCGA-BK-A6W3"
"TCGA-EY-A5W2-01A",0.00156759602458869,0.0507477049013487,0.0436104037748344,0.0318778480482069,0.0285963681594837,0.0122021277198312,2.91872611252226e-08,0.831397922184445,"TCGA-EY-A5W2"
"TCGA-B5-A0K7-01A",0.00830304563564042,0.0399923644805789,0.0411456006349485,0.035614046191719,0.0551222460449022,0.0274211220590047,7.67274598225456e-09,0.79240156728046,"TCGA-B5-A0K7"
"TCGA-A5-A1OF-01A",0.0171048327659471,0.0283892763341495,0.0367681844200826,6.32937388342027e-08,0.0379007615912353,0.0580233442890861,0.000496260223418751,0.821317277082342,"TCGA-A5-A1OF"
"TCGA-AX-A1CF-01A",0.00622206735611972,0.0547928458932993,0.0384861548436598,0.014165516539284,0.0521199503392891,0.00692565145183962,2.40475628063125e-05,0.827263766013702,"TCGA-AX-A1CF"
"TCGA-B5-A11E-01A",0.003999302477887,0.0530938217384452,0.0647752506892803,0.0233776169091391,0.052277385410939,0.00678239710846967,6.75397668707665e-09,0.795694218911863,"TCGA-B5-A11E"
"TCGA-AX-A3FW-01A",0.00175375159171349,0.013492606321071,0.0343986793038507,0.0202155211062643,0.00984064911444526,0.00371660139816815,5.18292134409554e-10,0.916582190646195,"TCGA-AX-A3FW"
"TCGA-B5-A0JV-01A",0.00231171277179215,0.0318123816301638,0.043659909324174,0.0272820019730052,0.0326058680195089,0.0074514039354112,6.60103070111885e-08,0.854876656335638,"TCGA-B5-A0JV"
"TCGA-DF-A2KR-01A",0.00745539394663625,0.00522904430506207,0.0526951963898225,0.0406562892236263,0.0466629624711361,0.0156130944052356,7.44543589861706e-11,0.831688019184027,"TCGA-DF-A2KR"
"TCGA-AJ-A3EL-01A",0.0236402808558122,0.082079912781975,0.058728145027709,0.0172173785829692,0.0230953477651317,0.0211759335425049,0.00197320587956531,0.772089795564333,"TCGA-AJ-A3EL"
"TCGA-D1-A167-01A",0.00210565105446938,0.0211652416614777,0.0499422083141202,0.0394226018183704,0.0397099614395521,0.00203697684689324,2.09225638055471e-08,0.845617337942553,"TCGA-D1-A167"
"TCGA-AJ-A6NU-01A",0.00712476763483023,0.0592234523634646,0.0749031676829591,0.00129167997766748,0.0966256227087327,0.0149818661801523,2.07057942508998e-10,0.745849443245136,"TCGA-AJ-A6NU"
"TCGA-BK-A0CC-01A.1",0.00285778257280417,0.126295343574821,0.0494743076436847,0.00408763113116853,0.0667633582437357,0.00534915865742364,2.13014770786042e-09,0.745172416046214,"TCGA-BK-A0CC"
"TCGA-EY-A547-01A",0.0011601599370315,0.0111871709676008,0.0297980290781717,0.0262771614606521,0.031982308479358,0.00916707861744369,1.17564643521903e-07,0.890427973895099,"TCGA-EY-A547"
"TCGA-AP-A0LT-01A",0.00124497228864886,0.0262281790386539,0.0371317529131816,0.016423283741131,0.0156280231316508,0.00514410083941497,6.51224632868379e-09,0.898199681535073,"TCGA-AP-A0LT"
"TCGA-EO-A3AS-01A",0.0124771067563914,0.208436371296369,0.0425047985273876,0.0166969381989418,0.0638273217335531,0.0126723058410837,1.01656455852827e-08,0.643385147480628,"TCGA-EO-A3AS"
"TCGA-BS-A0T9-01A",7.33030006602541e-06,0.240574409227104,0.00394539658280283,0.0688065475521825,0.0527374601708281,0.0173685578942268,0.00130998524812883,0.61525031302466,"TCGA-BS-A0T9"
"TCGA-AX-A1C4-01A",0.00128274803457648,0.0384985484442461,0.0274701162796131,0.00613190601589987,0.0326355332908361,0.00137610338304631,2.38800022760833e-10,0.892605044312982,"TCGA-AX-A1C4"
"TCGA-A5-A0G5-01A",0.0580422581394423,0.073930117873891,0.0129592394582155,9.78051778261909e-06,0.0621262663250217,0.0808543285907291,0.00142922153858037,0.710648787556337,"TCGA-A5-A0G5"
"TCGA-BK-A0CB-01A",5.44505527032662e-06,0.200318859958476,3.96418409400901e-07,0.0593822823843445,0.194470337992167,0.0244772681871596,0.000700039372235091,0.520645370631938,"TCGA-BK-A0CB"
"TCGA-AX-A2HC-01A",0.00316654052822378,0.0246750104351578,0.045130161723819,0.0193760239906882,0.0317809417648507,0.00802608069280997,1.63898918088621e-08,0.867845224474559,"TCGA-AX-A2HC"
"TCGA-AP-A05O-01A",0.00441269379036217,0.0198444803972183,0.0410033761328503,2.48001893156509e-08,0.0202299873377465,0.0323341594270019,0.00100844178065259,0.881166836333979,"TCGA-AP-A05O"
"TCGA-A5-A1OG-01A",0.00364944891670089,0.0149030368176405,0.0240077501341316,0.0145807585498151,0.0197953446706355,0.0207447395708969,0.000894540530875961,0.901424380809304,"TCGA-A5-A1OG"
"TCGA-B5-A1MY-01A",0.00132177933912809,0.199380848316686,0.013211912821532,4.59476009424757e-07,0.0530718262083227,0.0100240164626943,0.000575106878017016,0.722414050497611,"TCGA-B5-A1MY"
"TCGA-D1-A16I-01A",0.00193565174678852,0.0394931904710552,0.00886152024674964,0.0049515470432672,0.0769149042364109,0.0180503884858721,0.000342786039049744,0.849450011730807,"TCGA-D1-A16I"
"TCGA-BG-A18B-01A",0.000922964875294638,0.0201920398781213,0.0336710169077569,0.0329395661166813,0.0305157245601112,0.0169281709648254,0.0124668887184993,0.85236362797871,"TCGA-BG-A18B"
"TCGA-AJ-A23N-01A",6.22340967373252e-07,0.53822618388677,0.00317154694128308,1.13839774483535e-06,0.0206454912281004,0.0305795124538172,2.30988903433855e-05,0.407352405860974,"TCGA-AJ-A23N"
"TCGA-QS-A5YR-01A",0.0381199324946511,0.0619595790824836,0.0144503526611403,1.77994597098901e-05,0.0958702208185453,0.0253873961364987,0.00421293535919761,0.759981783987773,"TCGA-QS-A5YR"
"TCGA-BG-A18C-01A",0.002931312463463,0.0506115980394399,0.0605722683181806,0.0289059883760278,0.0680325013590326,0.0089180210519353,4.17266970637474e-08,0.780028268665224,"TCGA-BG-A18C"
"TCGA-BS-A0U9-01B",0.00104489716517501,0.0121350230570967,0.0152628005455488,0.062417739334213,0.0412292623490637,0.0068774046003569,8.24165947191865e-09,0.861032864706886,"TCGA-BS-A0U9"
"TCGA-D1-A17R-01A",2.17023071262814e-06,0.171527904379923,0.0346370120206354,0.0213001593616098,0.226882401071459,0.0140737767116949,3.69227179399099e-07,0.531576206996787,"TCGA-D1-A17R"
"TCGA-B5-A1MZ-01A",0.000860072986221311,0.0722850675127531,0.06315468264473,0.00670256806837475,0.0453957751811622,0.0119100496818262,0.00159577915449919,0.798096004770433,"TCGA-B5-A1MZ"
"TCGA-FI-A2D6-01A",0.0072094698503589,0.0730532991841399,0.050786210546947,5.55152897160861e-07,0.0318418659691914,0.0494863720624663,0.000199356764989272,0.78742287046901,"TCGA-FI-A2D6"
"TCGA-AX-A2HK-01A",0.00151834612804895,0.011739807321324,0.0381575467240642,0.0145362029297878,0.0476048435513733,0.0122794482274756,7.60418938699178e-09,0.874163797513737,"TCGA-AX-A2HK"
"TCGA-AX-A2HG-01A",0.00342846100635525,0.0371203384471556,0.0264145210427231,0.0102211206541949,0.0294397305861882,0.0154178518194215,0.00568933908144736,0.872268637362514,"TCGA-AX-A2HG"
"TCGA-5S-A9Q8-01A",4.14838597480565e-09,0.0615466498073655,0.0359944940470496,0.00778297770131775,0.0525771972352908,0.00495963552639274,0.000787743215462608,0.836351298318735,"TCGA-5S-A9Q8"
"TCGA-DF-A2KU-01A",0.0328224715160662,0.0214880081655387,0.0382688968718995,5.03332443162191e-07,0.0339456479127225,0.0660626362472478,0.00536784775369702,0.802043988200385,"TCGA-DF-A2KU"
"TCGA-EO-A3AU-01A",0.00357142207569559,0.0904293739752355,0.0526494426000509,0.0214612664155955,0.0550350621448728,0.00669310983963114,0.00018512220071859,0.7699752007482,"TCGA-EO-A3AU"
"TCGA-AX-A2H7-01A",0.00498854313558356,0.0401304193018796,0.0799891887183521,0.0415597362585462,0.0570314873809587,0.00550528211875285,4.96956734353189e-08,0.770795293390254,"TCGA-AX-A2H7"
"TCGA-D1-A101-01A",0.0156719393221966,0.137375206726902,0.040381782231242,0.018762065592764,0.127858986443584,0.0144236441722462,0.00152236523226072,0.644004010278805,"TCGA-D1-A101"
"TCGA-BS-A0UM-01A",0.0544188329034787,0.0296589538790355,0.0595029987907413,5.22585547644676e-06,0.058143440742879,0.0313472307470525,0.000471958727328649,0.766451358354008,"TCGA-BS-A0UM"
"TCGA-BS-A0UV-01A",0.00285483239425405,0.0585791560935829,0.0549138796401744,0.000721491757535202,0.0264608483459523,0.0177680830335715,3.23350307751002e-09,0.838701705501427,"TCGA-BS-A0UV"
"TCGA-PG-A917-01A",0.0125263491021778,0.0373749511761288,0.0646473703581238,0.0222447901259814,0.0368994791809832,0.0267273591914776,2.38204366870216e-08,0.799579677044691,"TCGA-PG-A917"
"TCGA-D1-A15Z-01A",0.000573980331944108,0.0331531808859773,0.0379846945096315,0.0448907360338319,0.105672234241686,0.0141285333809266,2.94528654556271e-08,0.763596611163137,"TCGA-D1-A15Z"
"TCGA-AX-A2H5-01A",0.00224616847328954,0.0151134427205443,0.0589317815314199,0.0158732907307702,0.0235517826423633,0.00674810321377055,0.000132681118726012,0.877402749569116,"TCGA-AX-A2H5"
"TCGA-AJ-A3NC-01A",0.00206039553569309,0.035615849899752,0.0394448911496584,0.0128383953893831,0.0678169752930704,0.0058998449599802,5.92719262110885e-10,0.836323647179744,"TCGA-AJ-A3NC"
"TCGA-AP-A0LG-01A",0.00211959971742906,0.0434753941960833,0.0394056337100767,0.0350886620823578,0.0526860474239091,0.00271964554658008,1.42129081469757e-07,0.824504875194483,"TCGA-AP-A0LG"
"TCGA-B5-A5OE-01A",0.000494926084422934,0.0206502549020325,0.0294841431225767,0.0403254589700925,0.0313978559488608,0.00908787886710597,8.12585804708499e-09,0.86855947397905,"TCGA-B5-A5OE"
"TCGA-D1-A175-01A",0.0031816037193131,0.118165908564484,0.0501587680981941,0.0148603073589225,0.0431401473137161,0.00432526785599608,2.66502733946812e-09,0.766167994424347,"TCGA-D1-A175"
"TCGA-PG-A915-01A",0.00161295851640904,0.0154429936002346,0.0265096548481577,0.0119609476537296,0.0230788170997863,0.00538703107376667,2.67258918481611e-08,0.916007570482024,"TCGA-PG-A915"
"TCGA-EC-A1QX-01A",0.00471236517960355,0.103599676579991,0.0268126209592775,0.012118505989762,0.0681212062182659,0.0147765150600119,0.0054275024207908,0.764431607592297,"TCGA-EC-A1QX"
"TCGA-EY-A1GW-01A",0.00335952171623173,0.032554535974055,0.0495331388811572,0.0328269552663558,0.111206871197496,0.00271471137581741,4.33098800717511e-08,0.767804222279007,"TCGA-EY-A1GW"
"TCGA-B5-A1MU-01A",0.0031423907698819,0.263795102822531,0.0467425755267589,5.21751229996092e-07,0.0891813908201396,0.0626833939229781,0.0018160358713656,0.532638588515115,"TCGA-B5-A1MU"
